2360.30908203125 1275.7449951171875
1240.458251953125 1253.1451416015625
1227.1695556640625 1162.329833984375
1168.5113525390625 1198.4388427734375
1117.718994140625 1087.8902587890625
1074.6219482421875 1063.069091796875
1054.113525390625 1066.55126953125
1044.26318359375 1203.8184814453125
1038.0482177734375 1037.5831298828125
1035.0185546875 1083.281982421875
1038.168212890625 1063.7845458984375
1035.3912353515625 1050.8294677734375
1041.8873291015625 1058.6474609375
1035.84716796875 1012.6661987304688
1033.191650390625 1055.78076171875
1041.87451171875 1044.187255859375
1031.7972412109375 1051.943603515625
1040.47509765625 1084.158935546875
1038.763427734375 1045.6500244140625
1036.7884521484375 1054.5543212890625
