2167.343505859375 1203.1214599609375
1296.6207275390625 1219.46728515625
1245.8251953125 1169.35693359375
1207.29296875 1207.7060546875
1148.9566650390625 1178.7393798828125
1111.302734375 1094.4674072265625
1069.1839599609375 1121.71875
1065.793212890625 1664.319580078125
1053.736083984375 1073.60546875
1042.5469970703125 1063.305419921875
1043.5771484375 1047.9715576171875
1038.4395751953125 1061.29345703125
1039.2646484375 1067.9259033203125
1038.5660400390625 1059.1383056640625
1040.6268310546875 1135.2403564453125
1037.2454833984375 1067.837646484375
1039.8604736328125 1077.408447265625
1035.2125244140625 1086.6387939453125
1036.599365234375 1053.5372314453125
1038.4283447265625 1054.5748291015625
