7001.22412109375 6255.21630859375
6326.37255859375 6218.03955078125
6310.7265625 6238.1435546875
6308.12060546875 6404.05615234375
6304.91748046875 6210.74169921875
6285.36181640625 6238.06884765625
6271.81884765625 6212.25390625
6253.12744140625 6227.96240234375
6243.14306640625 6204.9560546875
6236.68505859375 6274.94287109375
6237.94580078125 6204.65771484375
6232.75439453125 6222.17236328125
6231.78271484375 6224.912109375
6238.87109375 6217.919921875
6234.0439453125 6204.7412109375
6236.0693359375 6294.95849609375
6234.14794921875 6205.0302734375
6233.5712890625 6251.40380859375
6233.43359375 6239.17822265625
6238.9638671875 6207.60888671875
