10932.65234375 6220.19580078125
6242.56640625 6221.80322265625
6242.92822265625 6230.15087890625
6240.4365234375 6243.7041015625
6242.556640625 6218.177734375
6240.41650390625 6218.541015625
6242.14013671875 6216.27734375
6242.8603515625 6217.3505859375
6239.546875 6217.36083984375
6235.57275390625 6214.9443359375
6238.64111328125 6295.9833984375
6239.57763671875 6214.11474609375
6237.92724609375 6218.51025390625
6236.9169921875 6230.71728515625
6236.578125 6216.21435546875
6236.390625 6232.35693359375
6237.01123046875 6218.26708984375
6233.82763671875 6274.2216796875
6234.08056640625 6242.39599609375
6238.5380859375 6219.375
